7.774799466133117676e-01
5.995849370956420898e-01
1.000000000000000000e+00
1.000000000000000000e+00
7.334679961204528809e-01
8.516197800636291504e-01
9.887737702599854835e-20
8.935519693171487229e-20
5.463767051696777344e-01
9.862859845161437988e-01
9.999618530273437500e-01
9.999605417251586914e-01
2.063400874790791132e-19
1.689220296329659184e-19
4.244639750794476640e-09
8.764677872363790812e-09
2.972552478313446045e-01
8.919547796249389648e-01
9.999998807907104492e-01
9.999995231628417969e-01
3.413521866308945026e-16
2.066989725470961929e-15
1.000000000000000000e+00
1.000000000000000000e+00
1.000000000000000000e+00
1.000000000000000000e+00
1.000000000000000000e+00
1.000000000000000000e+00
1.326004750445974878e-09
1.109652592035104135e-09
9.793447852134704590e-01
9.578250646591186523e-01
9.279627799987792969e-01
3.735297918319702148e-01
2.568331162775363587e-15
2.929425119838134466e-15
4.771872460842132568e-01
2.696377933025360107e-01
1.444036445974461458e-09
7.232114906940978472e-10
1.000000000000000000e+00
1.000000000000000000e+00
2.882975355624034146e-22
6.385970139202816499e-22
1.000000000000000000e+00
1.000000000000000000e+00
2.059952575745173202e-15
4.087411358271071660e-14
3.277850151062011719e-01
9.602157473564147949e-01
4.214647751151961768e-34
1.746110349109127265e-33
9.999929666519165039e-01
9.999924898147583008e-01
1.263424179729147334e-15
9.951099765438762429e-16
8.697744011878967285e-01
9.205006361007690430e-01
1.747905457705201115e-06
1.376914951833896339e-06
1.000000000000000000e+00
1.000000000000000000e+00
2.388068139553070068e-01
8.173327445983886719e-01
9.999895095825195312e-01
9.999883174896240234e-01
6.082468032836914062e-01
6.009556055068969727e-01
1.000000000000000000e+00
1.000000000000000000e+00
7.761830380278453383e-28
7.006027099587876287e-28
8.658904433250427246e-01
6.331747174263000488e-01
9.563982486724853516e-01
8.010947704315185547e-01
5.789959885405774210e-17
4.774260179040481231e-17
9.145163893699645996e-01
9.559186697006225586e-01
9.198264545873247044e-12
6.478344770355359827e-12
8.526220917701721191e-01
8.180536031723022461e-01
9.994189739227294922e-01
9.995920062065124512e-01
9.659871459007263184e-01
5.003577470779418945e-01
1.923614194906768382e-14
2.382247638087545138e-14
1.000000000000000000e+00
1.000000000000000000e+00
0.000000000000000000e+00
0.000000000000000000e+00
3.269592062371540209e-12
4.432026360495777695e-12
1.000000000000000000e+00
1.000000000000000000e+00
1.000000000000000000e+00
1.000000000000000000e+00
1.327151974065245502e-15
3.573972935227162986e-15
1.017671227455139160e-01
6.723326444625854492e-01
1.000000000000000000e+00
1.000000000000000000e+00
8.613944649696350098e-01
8.969281911849975586e-01
1.312144845724105835e-01
9.889932274818420410e-01
4.469587641089673044e-21
1.000108131824136651e-20
1.000000000000000000e+00
1.000000000000000000e+00
6.755459308624267578e-01
3.975031375885009766e-01
2.831931161741043507e-14
9.950043515353536316e-15
8.492077176924794912e-05
8.099366095848381519e-05
5.056788921356201172e-01
9.942815303802490234e-01
9.999607801437377930e-01
9.999396800994873047e-01
1.000000000000000000e+00
1.000000000000000000e+00
6.036766767501831055e-01
9.779010415077209473e-01
9.456633329391479492e-01
2.501988410949707031e-01
5.546563863754272461e-01
8.755905032157897949e-01
1.164111651519306179e-08
7.118270417549865670e-09
9.292507767677307129e-01
7.956159114837646484e-01
5.528799891471862793e-01
5.482411384582519531e-01
1.000000000000000000e+00
1.000000000000000000e+00
8.057519197463989258e-01
9.653682708740234375e-01
9.120370745658874512e-01
9.757407307624816895e-01
1.000000000000000000e+00
1.000000000000000000e+00
