1.000000000000000000e+00
1.000000000000000000e+00
1.000000000000000000e+00
1.000000000000000000e+00
1.000000000000000000e+00
1.000000000000000000e+00
0.000000000000000000e+00
0.000000000000000000e+00
1.000000000000000000e+00
1.000000000000000000e+00
0.000000000000000000e+00
0.000000000000000000e+00
8.135221662985969715e-11
1.752304464724963040e-12
0.000000000000000000e+00
0.000000000000000000e+00
1.000000000000000000e+00
1.000000000000000000e+00
1.000000000000000000e+00
1.000000000000000000e+00
1.000000000000000000e+00
1.000000000000000000e+00
1.000000000000000000e+00
1.000000000000000000e+00
1.000000000000000000e+00
1.000000000000000000e+00
0.000000000000000000e+00
0.000000000000000000e+00
0.000000000000000000e+00
0.000000000000000000e+00
1.000000000000000000e+00
1.000000000000000000e+00
0.000000000000000000e+00
0.000000000000000000e+00
1.000000000000000000e+00
1.000000000000000000e+00
1.000000000000000000e+00
1.000000000000000000e+00
1.000000000000000000e+00
1.000000000000000000e+00
0.000000000000000000e+00
0.000000000000000000e+00
0.000000000000000000e+00
0.000000000000000000e+00
0.000000000000000000e+00
0.000000000000000000e+00
1.000000000000000000e+00
1.000000000000000000e+00
8.079827673458242962e-23
1.809026808796624949e-22
1.000000000000000000e+00
1.000000000000000000e+00
1.000000000000000000e+00
1.000000000000000000e+00
0.000000000000000000e+00
0.000000000000000000e+00
1.000000000000000000e+00
1.000000000000000000e+00
0.000000000000000000e+00
0.000000000000000000e+00
1.000000000000000000e+00
1.000000000000000000e+00
0.000000000000000000e+00
0.000000000000000000e+00
7.942166924124194338e-10
2.077339189554550103e-09
1.000000000000000000e+00
1.000000000000000000e+00
0.000000000000000000e+00
5.582753279841212144e-35
1.000000000000000000e+00
1.000000000000000000e+00
1.000000000000000000e+00
1.000000000000000000e+00
6.162242885692315370e-20
1.320816566320838586e-18
0.000000000000000000e+00
0.000000000000000000e+00
1.702400289623571305e-31
1.113662407573554527e-31
0.000000000000000000e+00
0.000000000000000000e+00
1.000000000000000000e+00
1.000000000000000000e+00
5.890613780953630714e-32
2.459296165041768778e-31
1.000000000000000000e+00
1.000000000000000000e+00
1.000000000000000000e+00
1.000000000000000000e+00
1.000000000000000000e+00
1.000000000000000000e+00
2.498046091813800515e-29
4.689613414528670075e-28
1.955208468252816621e-17
8.389285624847507951e-18
1.000000000000000000e+00
1.000000000000000000e+00
1.691818715172384431e-27
1.775521749078392527e-27
0.000000000000000000e+00
0.000000000000000000e+00
1.000000000000000000e+00
1.000000000000000000e+00
2.837372448171335970e-35
1.313690586533866435e-34
1.000000000000000000e+00
1.000000000000000000e+00
2.821148826154263706e-29
1.908486219101937342e-27
1.162386506492474325e-10
8.712787158415835620e-10
0.000000000000000000e+00
0.000000000000000000e+00
9.615375571782731743e-29
7.358652714972405227e-29
1.000000000000000000e+00
1.000000000000000000e+00
1.943651827882542324e-25
7.783338522636768607e-25
0.000000000000000000e+00
0.000000000000000000e+00
2.789932185016247290e-13
6.460773322586321754e-12
1.000000000000000000e+00
1.000000000000000000e+00
1.092066462912381633e-19
1.429407001829815957e-19
1.000000000000000000e+00
1.000000000000000000e+00
1.206118304253323004e-05
3.449423275014851242e-06
1.000000000000000000e+00
1.000000000000000000e+00
9.940656874488955247e-33
2.038588378786349013e-37
2.147446445926320946e-13
9.120843322144370213e-14
3.139506926752435108e-30
7.778845489854628515e-28
1.000000000000000000e+00
1.000000000000000000e+00
1.000000000000000000e+00
1.000000000000000000e+00
